0 0
0.5 9.90099e-06
1 0
1.5 0
2 0
2.5 0
3 6.93069e-05
3.5 0.000237624
4 0.00049505
4.5 0.000851485
5 0.00143564
5.5 0.00270297
6 0.00487129
6.5 0.00610891
7 0.0090099
7.5 0.0153069
8 0.021802
8.5 0.0313465
9 0.0403663
9.5 0.0604356
10 0.0693069
10.5 0.0624158
11 0.0569109
11.5 0.0663366
12 0.053495
12.5 0.0515446
13 0.0447228
13.5 0.0436733
14 0.0460693
14.5 0.0417624
15 0.0396931
15.5 0.042495
16 0.0372475
16.5 0.0379406
17 0.035099
17.5 0.0350594
18 0.0312772
18.5 0
19 0
19.5 0
20 0
20.5 0
21 0
