0 0.0138889
0.1 0.0277778
0.2 0.12037
0.3 0.240741
0.4 0.324074
0.5 0.300926
0.6 0.421296
0.7 0.527778
0.8 0.527778
0.9 0.25
1 0.189815
1.1 0.101852
1.2 0.0740741
1.3 0.0601852
1.4 0.037037
1.5 0.037037
1.6 0.0185185
1.7 0.0601852
1.8 0.0740741
1.9 0.0324074
2 0.0462963
2.1 0.0462963
2.2 0.0324074
2.3 0.0416667
2.4 0.037037
2.5 0.037037
2.6 0.0462963
2.7 0.0416667
2.8 0.0555556
2.9 0.0324074
3 0.0138889
3.1 0.0231481
3.2 0.0138889
3.3 0.0231481
3.4 0.0324074
3.5 0.0555556
3.6 0.037037
3.7 0.0277778
3.8 0.0416667
3.9 0.0509259
4 0.0601852
4.1 0.101852
4.2 0.0648148
4.3 0.0324074
4.4 0.0416667
4.5 0.0416667
4.6 0.0231481
4.7 0.0138889
4.8 0.0277778
4.9 0.0138889
5 0.00462963
5.1 0.0138889
5.2 0.0138889
5.3 0.00925926
5.4 0.0231481
5.5 0.00462963
5.6 0.0138889
5.7 0.0231481
5.8 0
5.9 0.00462963
6 0.00462963
6.1 0.00925926
6.2 0.00462963
6.3 0.00462963
6.4 0.00462963
6.5 0
6.6 0.00925926
6.7 0
6.8 0.00462963
6.9 0.00462963
7 0.00462963
7.1 0.0324074
7.2 0.0324074
7.3 0.0277778
7.4 0.0462963
7.5 0.0555556
7.6 0.0416667
7.7 0.0324074
7.8 0.037037
7.9 0.0277778
8 0.0462963
8.1 0.0185185
8.2 0.0185185
8.3 0.115741
8.4 0.388889
8.5 0.337963
8.6 0.37963
8.7 0.481481
8.8 0.458333
8.9 0.296296
9 0.333333
9.1 0.287037
9.2 0.342593
9.3 0.277778
9.4 0.342593
9.5 0.560185
9.6 0.925926
9.7 1.0463
9.8 0.555556
9.9 0.652778
10 0.685185
10.1 0.518519
10.2 0.263889
10.3 0.194444
10.4 0.212963
10.5 0.231481
10.6 0.148148
10.7 0.106481
10.8 0.134259
10.9 0.152778
11 0.12037
11.1 0.12963
11.2 0.138889
11.3 0.162037
11.4 0.134259
11.5 0.300926
11.6 0.425926
11.7 0.523148
11.8 0.444444
11.9 0.314815
12 0.365741
12.1 0.342593
12.2 0.337963
12.3 0.25
12.4 0.273148
12.5 0.287037
12.6 0.171296
12.7 0.199074
12.8 0.171296
12.9 0.180556
13 0.138889
13.1 0.166667
13.2 0.185185
13.3 0.175926
13.4 0.222222
13.5 0.189815
13.6 0.125
13.7 0.203704
13.8 0.152778
13.9 0.194444
14 0.222222
14.1 0.143519
14.2 0.25463
14.3 0.37037
14.4 0.37037
14.5 0.337963
14.6 0.425926
14.7 0.356481
14.8 0.324074
14.9 0.212963
15 0.194444
15.1 0.203704
15.2 0.199074
15.3 0.185185
15.4 0.208333
15.5 0.166667
15.6 0.171296
15.7 0.217593
15.8 0.157407
15.9 0.162037
16 0.194444
16.1 0.106481
16.2 0.12037
16.3 0.148148
16.4 0.148148
16.5 0.143519
16.6 0.175926
16.7 0.175926
16.8 0.226852
16.9 0.384259
17 0.587963
17.1 0.476852
17.2 0.587963
17.3 0.634259
17.4 1.56019
17.5 1.40278
17.6 0.99537
17.7 1.18981
17.8 1.47685
17.9 0.921296
18 0.837963
18.1 0.782407
18.2 0.712963
18.3 2.16204
18.4 2.625
18.5 0
18.6 0
18.7 0
18.8 0
18.9 0
19 0
19.1 0
19.2 0
19.3 0
19.4 0
19.5 0
19.6 0
19.7 0
19.8 0
19.9 0
20 0
20.1 0
20.2 0
20.3 0
20.4 0
20.5 0
20.6 0
20.7 0
20.8 0
20.9 0
21 0
21.1 0
21.2 0
21.3 0
21.4 0
21.5 0
